.Random.seed <-
c(403L, 624L, -1394370482L, -1723143049L, 2071488076L, 1659356893L, 
-1081051142L, 885114163L, -614367016L, 561456377L, -29212570L, 
951631791L, -1923325404L, 1176136405L, -446079598L, 1823627243L, 
1899124272L, -1981844367L, 894106494L, 2001652199L, 1413441788L, 
404217293L, 1596786218L, -2037902941L, -1250007416L, 670368489L, 
1933715862L, -777131233L, -1470833964L, -169607227L, 2069221826L, 
-249441701L, -1575022112L, 2024386657L, -298308946L, -942472361L, 
-1099163732L, -297881411L, -1477828518L, 2054846995L, -967198664L, 
476798169L, -1836491066L, -1332284785L, 96501636L, -517746507L, 
-335785486L, 455665867L, -1134577264L, 1856235601L, -732027426L, 
-47277881L, -1260817828L, 1330331565L, -1859467638L, 836763267L, 
1322153448L, 221852361L, -1322590218L, -324348417L, 128602164L, 
430497189L, -48243166L, 787389243L, 1311722816L, 1343036481L, 
-516952818L, -1351054793L, 750942476L, 820808349L, -1156450118L, 
-1346396429L, 376938392L, -1333951303L, 955886886L, -85944977L, 
-488813340L, 889333397L, -1253869998L, 173664683L, -997667600L, 
551832625L, 987791422L, 210229159L, -966644804L, 76648845L, -1635600662L, 
1222663011L, 464532808L, 1410814633L, -662124970L, 502214879L, 
1323595156L, 1014934405L, -1951786366L, -1793993701L, 455555232L, 
-186091487L, 1684201326L, 1207140631L, 2091092588L, -1486269315L, 
-1121976038L, 331953107L, 1133721336L, -844784487L, -1289016442L, 
-699553713L, 906676804L, -1657967499L, -1739142478L, 813521547L, 
-1937403824L, -543645679L, 1835666078L, 185763463L, 1429312796L, 
1382208365L, -783493302L, 1489053763L, 167486632L, 1787257481L, 
-1863066442L, 1379072959L, 1700481780L, 400386405L, -1005811998L, 
667122939L, 1105122304L, -466369535L, 577307086L, -453253129L, 
276253644L, -1976758691L, -30656134L, 30357683L, 830766680L, 
-539253639L, 246798822L, -577361105L, 1017182116L, -1323457963L, 
-129085678L, 533412715L, 53347248L, -440867855L, 1016251646L, 
-1165580953L, -643846532L, 255264077L, -6215766L, 179987747L, 
1938342920L, 981557865L, -838589674L, 1378760351L, 1583796308L, 
-1589831867L, 1331635010L, -2026138149L, -416407712L, -1763246111L, 
-1847962578L, 910802647L, -157958868L, -844122051L, 1515102682L, 
-251023981L, 807630264L, -820536231L, -1523468218L, -2022564337L, 
1610077444L, 1145751605L, 1145176946L, 108760139L, 56239888L, 
1782388689L, 1156755294L, 949761095L, 2013558748L, -846846163L, 
-1952995318L, 604246531L, 506434408L, 704467529L, -816735882L, 
-1030168193L, 2036270516L, 169194789L, -491130974L, -273539397L, 
468523712L, -2114311231L, -179382642L, 1200948663L, -380182900L, 
577327645L, 966736442L, 1957728883L, -79160040L, -11434951L, 
473351846L, 647594223L, 895967844L, 1714216469L, -146151470L, 
-1362735829L, 1407318640L, -1608696911L, -282998338L, -16043225L, 
12054844L, -607635187L, 1665685610L, -2049560861L, 1002967752L, 
452145705L, 544489430L, 606796895L, 563866388L, -1075887355L, 
1060432898L, 962533275L, -588003808L, 375736225L, 1532922094L, 
-2137670505L, 1326624748L, -187573251L, -1875508582L, 1006364499L, 
-1161137032L, 1350655001L, 1700594950L, -373009457L, 2118623172L, 
1648092149L, -1736573902L, 2128838155L, -1482850864L, -1236185199L, 
1874334750L, -477388281L, -267248996L, 1148533485L, 13318346L, 
761838531L, 1781154344L, 1801126409L, -1727785418L, -744716481L, 
-294289292L, 1813102821L, 837294178L, -663060357L, 320479616L, 
-1054846079L, -1633588402L, -1526471817L, 975253836L, 1835095517L, 
-567608582L, 304327731L, 42105816L, 513745913L, -1103334554L, 
-609577297L, 670076196L, -1074800171L, -1158266734L, 2030771947L, 
-1654345424L, -674147471L, -951218562L, 399868135L, 1852503036L, 
-838521651L, 1782073642L, 871610531L, -1288822392L, -181616151L, 
1553538198L, 161841695L, -1555839532L, -198889787L, -1813285694L, 
-583247525L, -1825035040L, -350007455L, 1705999790L, -728270249L, 
1759142572L, 1888468925L, 798368602L, -564141805L, -767020232L, 
1101192153L, -1335029306L, -486258289L, 1270491780L, 1119928245L, 
-37047054L, 997535691L, -1072720752L, 731203409L, -1032177442L, 
698404807L, 1343913308L, -84930899L, 833063306L, -827382397L, 
-1934905112L, 241201609L, -624209162L, -620892929L, 794737460L, 
2039581861L, 1247215906L, -203644357L, 505800768L, -110740671L, 
589348878L, -1962376905L, 1167475724L, -1630201443L, 479165370L, 
-1545042445L, -1779197288L, 226788281L, 294051878L, -1031181201L, 
788297700L, -366570091L, 202594642L, 5877931L, -2039076880L, 
-728421583L, -103410882L, 44404391L, 360232636L, 162390157L, 
1966143978L, 1322451555L, -663031736L, -1997663831L, -818759338L, 
945670111L, -1373740908L, 1506728581L, 1178779010L, 1687378715L, 
1622889376L, 1289819937L, 361575022L, -1609631721L, -424880788L, 
1420387197L, -919665638L, -2114610477L, 626831864L, 1379670937L, 
52551302L, 418512719L, 1125086532L, -241607819L, -1662505550L, 
-1645174389L, 1399876432L, -238485743L, -772203106L, -392446585L, 
-354574308L, -189357459L, -554919350L, 563564355L, -462168152L, 
-1295146615L, 1097289654L, -293793089L, 1725609460L, 777328741L, 
-2067355166L, 328762363L, -204443904L, 1116463873L, 1200411854L, 
1197661943L, 242620108L, -1434149539L, -443761542L, -1279320141L, 
-1000638120L, 1539416953L, -220853018L, 1626735151L, 625681060L, 
-795799211L, 1935749650L, -2039348629L, 1976983216L, -1641495823L, 
2071681022L, 2101042279L, -1465828996L, 1921143885L, -1527616854L, 
-801895389L, 1785626376L, 1442259305L, -2063526378L, -1508651617L, 
-856966316L, -862173627L, 251315778L, -2128339749L, 1547516512L, 
861839073L, -1883789522L, 280770007L, 726272044L, 1960757053L, 
-1379883814L, -1870850925L, 583528632L, -234022055L, -1707381946L, 
-246582001L, -1626898428L, 981841717L, 1586914930L, -938093749L, 
679477776L, -257132847L, -218840482L, -1103336633L, -753171748L, 
-175573459L, -1990563062L, -2017021L, -1874669976L, -1201499831L, 
966265974L, -472254337L, 2141810868L, 1176265765L, -101248350L, 
-915528261L, 182040000L, 1951484609L, -1868191346L, -405603145L, 
1468049804L, 1143988509L, -371016390L, -1956152973L, 1551505432L, 
1494647609L, -18220634L, -55552017L, -1516466844L, 518999317L, 
966773458L, 219419691L, -1840949904L, -62121295L, 16604350L, 
89582119L, -1700496324L, -1404925939L, -633562262L, 1909904867L, 
-406270520L, -1677201111L, 1254372054L, 143102815L, 1248581140L, 
-397577723L, 1725140738L, -1532060005L, 1551753504L, 1448863393L, 
-1192305682L, 341783447L, 1500642028L, 1693444861L, -301267558L, 
867585619L, -112595080L, 1356192537L, 1920579590L, -1848202545L, 
1516391108L, -1455041803L, -342532302L, -1683700469L, -973186864L, 
-805327215L, 976037662L, 138598663L, -611048036L, -2128147987L, 
1907424202L, 55370435L, 1859681576L, 1054818569L, -266499786L, 
1356111423L, 613084020L, 1017606117L, -2102903966L, 1729988475L, 
-1711162240L, 645296769L, 1126907470L, 974707319L, -1552548788L, 
-543759139L, -1705935366L, 883004211L, -317753640L, 356721401L, 
-1836931482L, -1686606417L, 179353636L, 1090603221L, 1737434002L, 
1442833899L, -1031599056L, 1992241777L, -14933634L, -659015705L, 
507674364L, 447642573L, -1244689366L, -1384423517L, -1890984824L, 
1524662505L, -1388572778L, -713484001L, 828289236L, 144858565L, 
-2037573694L, 15917147L, -130201632L, 764997217L, 905105582L, 
1488449879L, 1407495596L, 2023542461L, 1523459674L, 1432438803L, 
-1750946248L, 1582717657L, 1218233542L, -531783537L, 803198340L, 
-1986416971L, -1398466574L, -1168279861L, 1923837840L, -142432687L, 
2086816734L, -462485817L, -1761114020L, -615457363L, -1733276534L, 
-2053485437L, 519367656L, 637776073L, 1370998262L, -1959984129L, 
-1069603276L, 1303788453L, -1214634974L, -26826437L, -1744272576L, 
-1329898943L, 1675465486L, -873170889L, 890638092L, -1334204259L, 
664338106L, 2033020147L, -992242280L, 1611104953L, -899673306L, 
51266415L, 1866965732L, 1653015701L, -974177198L, -487229525L, 
-1387298064L, 1430391345L, -1432902082L, -182499929L, 641417660L, 
-511299699L, -1737802518L, -1126061725L, 1605479240L, 1379979433L, 
-114774954L, 1118330591L, 1283738516L, 1230702981L, 1726439554L, 
